{
    "key-meaning": "[length_x]-[length_y]-[length_z]-[seedPart_size]-[bc-type]",
    "10-10-10-5-pbc": {
        "E11": 210000037.9999955,
        "E22": 210000037.99999553,
        "E33": 210000037.99999553,
        "G23": 80769230.0,
        "G13": 80769230.0,
        "G12": 80769230.0,
        "niu12": 0.2999999257142758,
        "niu13": 0.2999999257142758,
        "niu23": 0.2999999257142758,
        "stiffness_matrix": [
            [
                282692300.0,
                121153800.00000001,
                121153800.00000001,
                -1.668849e-10,
                4.547474e-09,
                5.456968e-09
            ],
            [
                121153800.00000001,
                282692300.0,
                121153800.00000001,
                -4.547474e-09,
                -4.4014920000000003e-10,
                -0.0
            ],
            [
                121153800.00000001,
                121153800.00000001,
                282692300.0,
                -4.547474e-09,
                3.6379790000000004e-09,
                -1.1063860000000001e-10
            ],
            [
                4.5474740000000006e-10,
                -0.0,
                4.547474e-09,
                80769230.0,
                2.993121e-11,
                3.429864e-10
            ],
            [
                -2.728484e-09,
                -0.0,
                -1.8189890000000002e-09,
                1.795873e-10,
                80769230.0,
                3.257195e-10
            ],
            [
                5.456968e-09,
                -0.0,
                -9.094947000000001e-10,
                5.233954000000001e-10,
                -5.573495e-10,
                80769230.0
            ]
        ],
        "compliance_matrix": [
            [
                4.7619039002270154e-09,
                -1.4285708163266248e-09,
                -1.4285708163266248e-09,
                -4.870148078595773e-26,
                -4.142718612170427e-26,
                -3.3074753260846363e-25
            ],
            [
                -1.4285708163266248e-09,
                4.761903900227015e-09,
                -1.4285708163266246e-09,
                1.365982202838616e-25,
                4.514751626666328e-26,
                8.749617768866663e-26
            ],
            [
                -1.4285708163266248e-09,
                -1.4285708163266246e-09,
                4.761903900227015e-09,
                -3.767001788793379e-26,
                -4.1427186121704285e-26,
                1.2658971244914676e-25
            ],
            [
                -4.8701480785957724e-26,
                1.3659822028386158e-25,
                -3.767001788793379e-26,
                1.2380952498866215e-08,
                -1.60583350859184e-26,
                -6.640296008567997e-26
            ],
            [
                -4.142718612170426e-26,
                4.5147516266663274e-26,
                -4.1427186121704285e-26,
                -1.60583350859184e-26,
                1.2380952498866215e-08,
                1.7753047957200912e-26
            ],
            [
                -3.3074753260846363e-25,
                8.749617768866662e-26,
                1.2658971244914678e-25,
                -6.640296008567997e-26,
                1.7753047957200912e-26,
                1.2380952498866215e-08
            ]
        ],
        "C_avg": [
            [
                282692300.0,
                121153800.00000001,
                121153800.00000001,
                1.4393125000000002e-10,
                9.094949999999999e-10,
                5.456968e-09
            ],
            [
                121153800.00000001,
                282692300.0,
                121153800.00000001,
                -2.273737e-09,
                -2.2007460000000001e-10,
                -0.0
            ],
            [
                121153800.00000001,
                121153800.00000001,
                282692300.0,
                0.0,
                9.094950000000001e-10,
                -5.1006665e-10
            ],
            [
                1.4393125000000002e-10,
                -2.273737e-09,
                0.0,
                80769230.0,
                1.04759255e-10,
                4.331909e-10
            ],
            [
                9.094949999999999e-10,
                -2.2007460000000001e-10,
                9.094950000000001e-10,
                1.04759255e-10,
                80769230.0,
                -1.15815e-10
            ],
            [
                5.456968e-09,
                -0.0,
                -5.1006665e-10,
                4.331909e-10,
                -1.15815e-10,
                80769230.0
            ]
        ]
    },
    "10-10-10-2-pbc": {
        "E11": 210000037.9999955,
        "E22": 210000037.99999553,
        "E33": 210000037.99999553,
        "G23": 80769230.0,
        "G13": 80769230.0,
        "G12": 80769230.0,
        "niu12": 0.2999999257142758,
        "niu13": 0.2999999257142758,
        "niu23": 0.2999999257142758,
        "stiffness_matrix": [
            [
                282692300.0,
                121153800.00000001,
                121153800.00000001,
                -5.248224e-10,
                -4.5474740000000006e-10,
                -2.1600500000000002e-09
            ],
            [
                121153800.00000001,
                282692300.0,
                121153800.00000001,
                -0.0,
                3.882506e-11,
                9.094947000000001e-10
            ],
            [
                121153800.00000001,
                121153800.00000001,
                282692300.0,
                2.1600500000000002e-09,
                2.2737370000000003e-10,
                5.0744090000000006e-11
            ],
            [
                1.023182e-09,
                -1.705303e-09,
                -5.684342e-10,
                80769230.0,
                7.337423e-11,
                -7.094376e-11
            ],
            [
                3.410605e-10,
                -2.2737370000000003e-10,
                1.2505550000000001e-09,
                -1.6123470000000002e-10,
                80769230.0,
                2.622666e-10
            ],
            [
                -2.2737370000000003e-10,
                1.932676e-09,
                1.136868e-09,
                2.968141e-10,
                -7.009301e-10,
                80769230.0
            ]
        ],
        "compliance_matrix": [
            [
                4.7619039002270154e-09,
                -1.4285708163266248e-09,
                -1.4285708163266248e-09,
                -1.569626662941731e-26,
                1.4753989962416333e-26,
                1.0601507726676174e-25
            ],
            [
                -1.4285708163266248e-09,
                4.761903900227015e-09,
                -1.4285708163266246e-09,
                6.87524622312816e-26,
                1.762284056745003e-26,
                -9.439336980541233e-26
            ],
            [
                -1.4285708163266248e-09,
                -1.4285708163266246e-09,
                4.761903900227015e-09,
                -5.759201619156809e-26,
                -4.623988190111607e-26,
                -3.098739674945319e-26
            ],
            [
                -1.569626662941731e-26,
                6.875246223128159e-26,
                -5.759201619156808e-26,
                1.2380952498866215e-08,
                6.733977194025871e-27,
                -1.7311604619994284e-26
            ],
            [
                1.475398996241633e-26,
                1.762284056745003e-26,
                -4.623988190111606e-26,
                6.733977194025871e-27,
                1.2380952498866215e-08,
                3.362092195559125e-26
            ],
            [
                1.060150772667617e-25,
                -9.439336980541233e-26,
                -3.0987396749453186e-26,
                -1.7311604619994284e-26,
                3.362092195559125e-26,
                1.2380952498866215e-08
            ]
        ],
        "C_avg": [
            [
                282692300.0,
                121153800.00000001,
                121153800.00000001,
                2.491798e-10,
                -5.684345000000002e-11,
                -1.1937118500000002e-09
            ],
            [
                121153800.00000001,
                282692300.0,
                121153800.00000001,
                -8.526515e-10,
                -9.427432000000001e-11,
                1.42108535e-09
            ],
            [
                121153800.00000001,
                121153800.00000001,
                282692300.0,
                7.958079000000001e-10,
                7.3896435e-10,
                5.93806045e-10
            ],
            [
                2.491798e-10,
                -8.526515e-10,
                7.958079000000001e-10,
                80769230.0,
                -4.393023500000001e-11,
                1.1293516999999999e-10
            ],
            [
                -5.684345000000002e-11,
                -9.427432000000001e-11,
                7.3896435e-10,
                -4.393023500000001e-11,
                80769230.0,
                -2.1933175e-10
            ],
            [
                -1.1937118500000002e-09,
                1.42108535e-09,
                5.93806045e-10,
                1.1293516999999999e-10,
                -2.1933175e-10,
                80769230.0
            ]
        ]
    },
    "10-10-10-1-pbc": {
        "E11": 210000037.9999955,
        "E22": 210000037.99999553,
        "E33": 210000037.99999553,
        "G23": 80769230.0,
        "G13": 80769230.0,
        "G12": 80769230.0,
        "niu12": 0.2999999257142758,
        "niu13": 0.2999999257142758,
        "niu23": 0.2999999257142758,
        "stiffness_matrix": [
            [
                282692300.0,
                121153800.00000001,
                121153800.00000001,
                2.643728e-10,
                -3.126388e-10,
                -2.2737370000000003e-10
            ],
            [
                121153800.00000001,
                282692300.0,
                121153800.00000001,
                -2.8421710000000002e-11,
                1.052724e-10,
                -2.842171e-10
            ],
            [
                121153800.00000001,
                121153800.00000001,
                282692300.0,
                5.6843420000000004e-11,
                -5.400125000000001e-10,
                3.520659e-11
            ],
            [
                8.810730000000001e-10,
                -1.023182e-09,
                1.222134e-09,
                80769230.0,
                1.1324720000000001e-10,
                1.471025e-10
            ],
            [
                -2.2737370000000003e-10,
                -2.8421710000000002e-11,
                5.400125000000001e-10,
                -2.617003e-10,
                80769230.0,
                -1.6314050000000002e-10
            ],
            [
                3.410605e-10,
                3.6948220000000003e-10,
                8.242296e-10,
                -3.1079170000000004e-10,
                -1.0087510000000002e-09,
                80769230.0
            ]
        ],
        "compliance_matrix": [
            [
                4.7619039002270154e-09,
                -1.4285708163266248e-09,
                -1.4285708163266248e-09,
                -3.175518310631871e-26,
                1.6598364766321938e-26,
                5.0031867130328426e-27
            ],
            [
                -1.4285708163266248e-09,
                4.761903900227015e-09,
                -1.4285708163266246e-09,
                5.244011900731766e-26,
                -7.041058199995956e-27,
                6.0923627225817265e-27
            ],
            [
                -1.4285708163266248e-09,
                -1.4285708163266246e-09,
                4.761903900227015e-09,
                -3.687238007272811e-26,
                -4.095987079504269e-27,
                -2.357541149621281e-26
            ],
            [
                -3.175518310631871e-26,
                5.244011900731765e-26,
                -3.6872380072728107e-26,
                1.2380952498866215e-08,
                1.1378038266611156e-26,
                1.2545793799058206e-26
            ],
            [
                1.6598364766321935e-26,
                -7.041058199995956e-27,
                -4.0959870795042686e-27,
                1.1378038266611156e-26,
                1.2380952498866215e-08,
                8.981844320742615e-26
            ],
            [
                5.0031867130328426e-27,
                6.0923627225817265e-27,
                -2.357541149621281e-26,
                1.2545793799058206e-26,
                8.981844320742615e-26,
                1.2380952498866215e-08
            ]
        ],
        "C_avg": [
            [
                282692300.0,
                121153800.00000001,
                121153800.00000001,
                5.727229000000001e-10,
                -2.7000625000000003e-10,
                5.684339999999999e-11
            ],
            [
                121153800.00000001,
                282692300.0,
                121153800.00000001,
                -5.25801855e-10,
                3.8425345e-11,
                4.2632550000000024e-11
            ],
            [
                121153800.00000001,
                121153800.00000001,
                282692300.0,
                6.3948871e-10,
                0.0,
                4.2971809500000003e-10
            ],
            [
                5.727229000000001e-10,
                -5.25801855e-10,
                6.3948871e-10,
                80769230.0,
                -7.422654999999998e-11,
                -8.184460000000002e-11
            ],
            [
                -2.7000625000000003e-10,
                3.8425345e-11,
                0.0,
                -7.422654999999998e-11,
                80769230.0,
                -5.859457500000001e-10
            ],
            [
                5.684339999999999e-11,
                4.2632550000000024e-11,
                4.2971809500000003e-10,
                -8.184460000000002e-11,
                -5.859457500000001e-10,
                80769230.0
            ]
        ]
    },
    "20-20-20-2-pbc": {
        "E11": 210000037.9999955,
        "E22": 210000037.99999553,
        "E33": 210000037.99999553,
        "G23": 80769230.0,
        "G13": 80769230.0,
        "G12": 80769230.0,
        "niu12": 0.2999999257142758,
        "niu13": 0.2999999257142758,
        "niu23": 0.2999999257142758,
        "stiffness_matrix": [
            [
                282692300.0,
                121153800.00000001,
                121153800.00000001,
                2.643728e-10,
                -3.126388e-10,
                -2.2737370000000003e-10
            ],
            [
                121153800.00000001,
                282692300.0,
                121153800.00000001,
                -2.8421710000000002e-11,
                1.052724e-10,
                -2.842171e-10
            ],
            [
                121153800.00000001,
                121153800.00000001,
                282692300.0,
                5.6843420000000004e-11,
                -5.400125000000001e-10,
                3.520659e-11
            ],
            [
                7.673862000000001e-10,
                3.6948220000000003e-10,
                5.684342e-10,
                80769230.0,
                1.1324720000000001e-10,
                1.471025e-10
            ],
            [
                -2.8421710000000002e-11,
                -1.421085e-10,
                8.242296e-10,
                -2.617003e-10,
                80769230.0,
                -1.6314050000000002e-10
            ],
            [
                7.389644000000001e-10,
                -1.98952e-10,
                7.958079e-10,
                -3.1079170000000004e-10,
                -1.0087510000000002e-09,
                80769230.0
            ]
        ],
        "compliance_matrix": [
            [
                4.7619039002270154e-09,
                -1.4285708163266248e-09,
                -1.4285708163266248e-09,
                -2.186881553497599e-26,
                1.2241658425467914e-26,
                -1.2004719971343764e-26
            ],
            [
                -1.4285708163266248e-09,
                4.761903900227015e-09,
                -1.4285708163266246e-09,
                4.6001235827813045e-27,
                5.8317462994672175e-28,
                2.6116451859463316e-26
            ],
            [
                -1.4285708163266248e-09,
                -1.4285708163266246e-09,
                4.761903900227015e-09,
                -6.291641494565841e-27,
                -1.172022183222482e-26,
                -2.4245674205157428e-26
            ],
            [
                -2.1868815534975983e-26,
                4.6001235827813016e-27,
                -6.291641494565841e-27,
                1.2380952498866215e-08,
                1.1378038266611156e-26,
                1.2545793799058206e-26
            ],
            [
                1.2241658425467914e-26,
                5.831746299467218e-28,
                -1.172022183222482e-26,
                1.1378038266611156e-26,
                1.2380952498866215e-08,
                8.981844320742615e-26
            ],
            [
                -1.2004719971343761e-26,
                2.611645185946331e-26,
                -2.4245674205157428e-26,
                1.2545793799058206e-26,
                8.981844320742615e-26,
                1.2380952498866215e-08
            ]
        ],
        "C_avg": [
            [
                282692300.0,
                121153800.00000001,
                121153800.00000001,
                5.158795e-10,
                -1.70530255e-10,
                2.5579535e-10
            ],
            [
                121153800.00000001,
                282692300.0,
                121153800.00000001,
                1.70530245e-10,
                -1.8418049999999998e-11,
                -2.4158455e-10
            ],
            [
                121153800.00000001,
                121153800.00000001,
                282692300.0,
                3.1263881e-10,
                1.4210855e-10,
                4.1550724500000003e-10
            ],
            [
                5.158795e-10,
                1.70530245e-10,
                3.1263881e-10,
                80769230.0,
                -7.422654999999998e-11,
                -8.184460000000002e-11
            ],
            [
                -1.70530255e-10,
                -1.8418049999999998e-11,
                1.4210855e-10,
                -7.422654999999998e-11,
                80769230.0,
                -5.859457500000001e-10
            ],
            [
                2.5579535e-10,
                -2.4158455e-10,
                4.1550724500000003e-10,
                -8.184460000000002e-11,
                -5.859457500000001e-10,
                80769230.0
            ]
        ]
    },
    "10-10-5-1-pbc": {
        "E11": 210000037.9999955,
        "E22": 210000037.99999553,
        "E33": 210000037.99999553,
        "G23": 80769230.0,
        "G13": 80769230.0,
        "G12": 80769230.0,
        "niu12": 0.2999999257142758,
        "niu13": 0.2999999257142758,
        "niu23": 0.2999999257142758,
        "stiffness_matrix": [
            [
                282692300.0,
                121153800.00000001,
                121153800.00000001,
                2.960731e-10,
                7.389644000000001e-10,
                -1.648459e-09
            ],
            [
                121153800.00000001,
                282692300.0,
                121153800.00000001,
                -1.136868e-10,
                -3.003383e-10,
                -6.252776e-10
            ],
            [
                121153800.00000001,
                121153800.00000001,
                282692300.0,
                1.0800250000000001e-09,
                -1.4210850000000002e-09,
                -5.624930000000001e-11
            ],
            [
                9.379163999999999e-10,
                8.526513e-10,
                3.126388e-10,
                80769230.0,
                5.384355e-10,
                3.9282450000000003e-10
            ],
            [
                -4.5474740000000006e-10,
                -9.663381e-10,
                -5.6843420000000004e-11,
                -5.581676e-10,
                80769230.0,
                -7.089601e-10
            ],
            [
                -1.136868e-10,
                1.7621460000000001e-09,
                5.115907999999999e-10,
                -5.634612e-10,
                -7.419813000000001e-10,
                80769230.0
            ]
        ],
        "compliance_matrix": [
            [
                4.7619039002270154e-09,
                -1.4285708163266248e-09,
                -1.4285708163266248e-09,
                -1.752497474751986e-26,
                -3.26502827191259e-26,
                6.602609406078892e-26
            ],
            [
                -1.4285708163266248e-09,
                4.761903900227015e-09,
                -1.4285708163266246e-09,
                1.4453667213907848e-27,
                2.678303353738608e-26,
                -4.506988957078698e-26
            ],
            [
                -1.4285708163266248e-09,
                -1.4285708163266246e-09,
                4.761903900227015e-09,
                -2.3605689162630968e-26,
                3.487863063934486e-26,
                -1.8952424769518103e-26
            ],
            [
                -1.7524974747519858e-26,
                1.445366721390783e-27,
                -2.3605689162630965e-26,
                1.2380952498866215e-08,
                1.5123469222306474e-27,
                1.3078277936184885e-26
            ],
            [
                -3.26502827191259e-26,
                2.6783033537386077e-26,
                3.487863063934486e-26,
                1.5123469222306474e-27,
                1.2380952498866215e-08,
                1.112059416193422e-25
            ],
            [
                6.60260940607889e-26,
                -4.506988957078698e-26,
                -1.89524247695181e-26,
                1.3078277936184885e-26,
                1.112059416193422e-25,
                1.2380952498866215e-08
            ]
        ],
        "C_avg": [
            [
                282692300.0,
                121153800.00000001,
                121153800.00000001,
                6.169947499999999e-10,
                1.421085e-10,
                -8.810729e-10
            ],
            [
                121153800.00000001,
                282692300.0,
                121153800.00000001,
                3.6948225000000005e-10,
                -6.333382000000001e-10,
                5.684342000000001e-10
            ],
            [
                121153800.00000001,
                121153800.00000001,
                282692300.0,
                6.963319e-10,
                -7.3896421e-10,
                2.2767074999999996e-10
            ],
            [
                6.169947499999999e-10,
                3.6948225000000005e-10,
                6.963319e-10,
                80769230.0,
                -9.866050000000021e-12,
                -8.531834999999999e-11
            ],
            [
                1.421085e-10,
                -6.333382000000001e-10,
                -7.3896421e-10,
                -9.866050000000021e-12,
                80769230.0,
                -7.254707e-10
            ],
            [
                -8.810729e-10,
                5.684342000000001e-10,
                2.2767074999999996e-10,
                -8.531834999999999e-11,
                -7.254707e-10,
                80769230.0
            ]
        ]
    },
    "10-4-2-1-pbc": {
        "E11": 210000037.9999955,
        "E22": 210000037.99999553,
        "E33": 210000037.99999553,
        "G23": 80769230.0,
        "G13": 80769230.0,
        "G12": 80769230.0,
        "niu12": 0.2999999257142758,
        "niu13": 0.2999999257142758,
        "niu23": 0.2999999257142758,
        "stiffness_matrix": [
            [
                282692300.0,
                121153800.00000001,
                121153800.00000001,
                9.561452e-11,
                1.0658139999999999e-09,
                -0.0
            ],
            [
                121153800.00000001,
                282692300.0,
                121153800.00000001,
                -0.0,
                -4.484337e-10,
                -3.375078e-09
            ],
            [
                121153800.00000001,
                121153800.00000001,
                282692300.0,
                -5.329071000000001e-10,
                -1.5987210000000001e-09,
                -2.798034e-10
            ],
            [
                2.6645349999999997e-10,
                7.105427e-10,
                -1.2434499999999999e-09,
                80769230.0,
                1.3445100000000001e-09,
                -3.6864990000000003e-10
            ],
            [
                -7.105427e-10,
                -5.329071000000001e-10,
                -5.329071000000001e-10,
                -5.46964e-10,
                80769230.0,
                4.974941e-10
            ],
            [
                -1.0658139999999999e-09,
                -2.1316279999999998e-09,
                -1.7763570000000002e-10,
                8.648748e-10,
                -3.12329e-11,
                80769230.0
            ]
        ],
        "compliance_matrix": [
            [
                4.7619039002270154e-09,
                -1.4285708163266248e-09,
                -1.4285708163266248e-09,
                -2.0098770683131087e-26,
                -3.800249372057353e-26,
                -2.1325570335887112e-26
            ],
            [
                -1.4285708163266248e-09,
                4.761903900227015e-09,
                -1.4285708163266246e-09,
                -3.3453012737308907e-26,
                1.321913740609232e-26,
                1.4885823384885832e-25
            ],
            [
                -1.4285708163266248e-09,
                -1.4285708163266246e-09,
                4.761903900227015e-09,
                6.184992833630479e-26,
                5.73004320242455e-26,
                -4.4639705165672193e-26
            ],
            [
                -2.009877068313109e-26,
                -3.3453012737308895e-26,
                6.184992833630479e-26,
                1.2380952498866215e-08,
                -6.112710955434859e-26,
                -3.8032657459125446e-26
            ],
            [
                -3.800249372057352e-26,
                1.3219137406092315e-26,
                5.73004320242455e-26,
                -6.112710955434859e-26,
                1.2380952498866215e-08,
                -3.5736119864361463e-26
            ],
            [
                -2.1325570335887092e-26,
                1.4885823384885828e-25,
                -4.4639705165672193e-26,
                -3.8032657459125446e-26,
                -3.5736119864361463e-26,
                1.2380952498866215e-08
            ]
        ],
        "C_avg": [
            [
                282692300.0,
                121153800.00000001,
                121153800.00000001,
                1.8103401e-10,
                1.7763564999999993e-10,
                -5.329069999999999e-10
            ],
            [
                121153800.00000001,
                282692300.0,
                121153800.00000001,
                3.5527135e-10,
                -4.906704e-10,
                -2.753353e-09
            ],
            [
                121153800.00000001,
                121153800.00000001,
                282692300.0,
                -8.8817855e-10,
                -1.0658140500000001e-09,
                -2.2871955000000002e-10
            ],
            [
                1.8103401e-10,
                3.5527135e-10,
                -8.8817855e-10,
                80769230.0,
                3.987730000000001e-10,
                2.4811245e-10
            ],
            [
                1.7763564999999993e-10,
                -4.906704e-10,
                -1.0658140500000001e-09,
                3.987730000000001e-10,
                80769230.0,
                2.331306e-10
            ],
            [
                -5.329069999999999e-10,
                -2.753353e-09,
                -2.2871955000000002e-10,
                2.4811245e-10,
                2.331306e-10,
                80769230.0
            ]
        ]
    },
    "10-10-10-5-lbc": {
        "E11": 210000037.9999955,
        "E22": 210000037.99999553,
        "E33": 210000037.99999553,
        "G23": 80769230.0,
        "G13": 80769230.0,
        "G12": 80769230.0,
        "niu12": 0.2999999257142758,
        "niu13": 0.2999999257142758,
        "niu23": 0.2999999257142758,
        "stiffness_matrix": [
            [
                282692300.0,
                121153800.00000001,
                121153800.00000001,
                -1.406711e-10,
                -4.5474740000000006e-10,
                6.366463e-09
            ],
            [
                121153800.00000001,
                282692300.0,
                121153800.00000001,
                3.1832310000000003e-09,
                1.358607e-10,
                -2.273737e-09
            ],
            [
                121153800.00000001,
                121153800.00000001,
                282692300.0,
                -1.364242e-09,
                2.728484e-09,
                7.417053000000001e-10
            ],
            [
                4.5474740000000006e-10,
                -9.094947000000001e-10,
                2.728484e-09,
                80769230.0,
                2.046363e-09,
                -1.364242e-09
            ],
            [
                -4.092726e-09,
                2.046363e-09,
                -1.8189890000000002e-09,
                -2.2737370000000003e-10,
                80769230.0,
                1.136868e-09
            ],
            [
                -0.0,
                -0.0,
                -4.5474740000000006e-10,
                2.5011100000000003e-09,
                -2.2737370000000003e-10,
                80769230.0
            ]
        ],
        "compliance_matrix": [
            [
                4.7619039002270154e-09,
                -1.4285708163266248e-09,
                -1.4285708163266248e-09,
                2.291410028219086e-26,
                1.6139419941696792e-25,
                -2.0524362824245483e-25
            ],
            [
                -1.4285708163266248e-09,
                4.761903900227015e-09,
                -1.4285708163266246e-09,
                -5.218396418519051e-26,
                -9.650116338155297e-26,
                1.2586600129076444e-25
            ],
            [
                -1.4285708163266248e-09,
                -1.4285708163266246e-09,
                4.761903900227015e-09,
                -1.733033571182477e-26,
                -4.772767106039189e-26,
                2.7735085376016643e-26
            ],
            [
                2.2914100282190853e-26,
                -5.21839641851905e-26,
                -1.7330335711824772e-26,
                1.2380952498866215e-08,
                -1.3941460206594707e-25,
                -8.713410233996931e-26
            ],
            [
                1.6139419941696792e-25,
                -9.650116338155296e-26,
                -4.772767106039188e-26,
                -1.3941460206594707e-25,
                1.2380952498866215e-08,
                -6.970727420757619e-26
            ],
            [
                -2.052436282424548e-25,
                1.2586600129076444e-25,
                2.773508537601664e-26,
                -8.713410233996931e-26,
                -6.970727420757619e-26,
                1.2380952498866215e-08
            ]
        ],
        "C_avg": [
            [
                282692300.0,
                121153800.00000001,
                121153800.00000001,
                1.5703815000000004e-10,
                -2.2737367000000002e-09,
                3.1832315e-09
            ],
            [
                121153800.00000001,
                282692300.0,
                121153800.00000001,
                1.13686815e-09,
                1.0911118500000001e-09,
                -1.1368685e-09
            ],
            [
                121153800.00000001,
                121153800.00000001,
                282692300.0,
                6.82121e-10,
                4.5474749999999993e-10,
                1.4347895e-10
            ],
            [
                1.5703815000000004e-10,
                1.13686815e-09,
                6.82121e-10,
                80769230.0,
                9.094946500000001e-10,
                5.684340000000001e-10
            ],
            [
                -2.2737367000000002e-09,
                1.0911118500000001e-09,
                4.5474749999999993e-10,
                9.094946500000001e-10,
                80769230.0,
                4.5474715e-10
            ],
            [
                3.1832315e-09,
                -1.1368685e-09,
                1.4347895e-10,
                5.684340000000001e-10,
                4.5474715e-10,
                80769230.0
            ]
        ]
    },
    "10-10-10-2-lbc": {
        "E11": 210000037.9999955,
        "E22": 210000037.99999553,
        "E33": 210000037.99999553,
        "G23": 80769230.0,
        "G13": 80769230.0,
        "G12": 80769230.0,
        "niu12": 0.2999999257142758,
        "niu13": 0.2999999257142758,
        "niu23": 0.2999999257142758,
        "stiffness_matrix": [
            [
                282692300.0,
                121153800.00000001,
                121153800.00000001,
                1.848386e-10,
                -1.932676e-09,
                -6.7075230000000006e-09
            ],
            [
                121153800.00000001,
                282692300.0,
                121153800.00000001,
                -1.136868e-09,
                -4.754195e-10,
                -3.5242920000000003e-09
            ],
            [
                121153800.00000001,
                121153800.00000001,
                282692300.0,
                1.477929e-09,
                3.410605e-10,
                -1.420347e-09
            ],
            [
                1.875833e-09,
                1.20508e-08,
                5.911716e-09,
                80769230.0,
                -1.136868e-09,
                -5.278346e-10
            ],
            [
                1.875833e-09,
                -5.684342e-10,
                -2.273737e-09,
                -7.958079e-10,
                80769230.0,
                2.273737e-09
            ],
            [
                -8.640200000000001e-09,
                1.273293e-08,
                4.433787000000001e-09,
                -2.444267e-09,
                -1.591616e-09,
                80769230.0
            ]
        ],
        "compliance_matrix": [
            [
                4.7619039002270154e-09,
                -1.4285708163266248e-09,
                -1.4285708163266248e-09,
                1.0112288929497158e-25,
                -2.4647401456187263e-26,
                5.605134898461429e-25
            ],
            [
                -1.4285708163266248e-09,
                4.761903900227015e-09,
                -1.4285708163266246e-09,
                -2.3815163805452504e-25,
                1.3176809467439897e-26,
                -3.805350499323338e-25
            ],
            [
                -1.4285708163266248e-09,
                -1.4285708163266246e-09,
                4.761903900227015e-09,
                -1.0309395849401248e-25,
                4.723826499262204e-26,
                -1.4312275453813688e-25
            ],
            [
                1.0112288929497158e-25,
                -2.3815163805452504e-25,
                -1.0309395849401246e-25,
                1.2380952498866215e-08,
                1.481279969711455e-25,
                2.2779373241149066e-25
            ],
            [
                -2.4647401456187255e-26,
                1.3176809467439894e-26,
                4.7238264992622034e-26,
                1.481279969711455e-25,
                1.2380952498866215e-08,
                -5.228047673278004e-26
            ],
            [
                5.605134898461428e-25,
                -3.805350499323338e-25,
                -1.4312275453813683e-25,
                2.2779373241149066e-25,
                -5.228047673278004e-26,
                1.2380952498866215e-08
            ]
        ],
        "C_avg": [
            [
                282692300.0,
                121153800.00000001,
                121153800.00000001,
                1.0303357999999999e-09,
                -2.8421500000000055e-11,
                -7.6738615e-09
            ],
            [
                121153800.00000001,
                282692300.0,
                121153800.00000001,
                5.456966e-09,
                -5.2192685e-10,
                4.604319e-09
            ],
            [
                121153800.00000001,
                121153800.00000001,
                282692300.0,
                3.6948225e-09,
                -9.6633825e-10,
                1.5067200000000004e-09
            ],
            [
                1.0303357999999999e-09,
                5.456966e-09,
                3.6948225e-09,
                80769230.0,
                -9.6633795e-10,
                -1.4860508e-09
            ],
            [
                -2.8421500000000055e-11,
                -5.2192685e-10,
                -9.6633825e-10,
                -9.6633795e-10,
                80769230.0,
                3.410604999999999e-10
            ],
            [
                -7.6738615e-09,
                4.604319e-09,
                1.5067200000000004e-09,
                -1.4860508e-09,
                3.410604999999999e-10,
                80769230.0
            ]
        ]
    },
    "10-10-10-1-lbc": {
        "E11": 210000037.9999955,
        "E22": 210000037.99999553,
        "E33": 210000037.99999553,
        "G23": 80769230.0,
        "G13": 80769230.0,
        "G12": 80769230.0,
        "niu12": 0.2999999257142758,
        "niu13": 0.2999999257142758,
        "niu23": 0.2999999257142758,
        "stiffness_matrix": [
            [
                282692300.0,
                121153800.00000001,
                121153800.00000001,
                2.046945e-09,
                -3.467449e-09,
                -4.614975000000001e-09
            ],
            [
                121153800.00000001,
                282692300.0,
                121153800.00000001,
                7.560175e-09,
                4.616159e-11,
                2.6432190000000004e-09
            ],
            [
                121153800.00000001,
                121153800.00000001,
                282692300.0,
                -3.553779e-08,
                1.449507e-09,
                6.581468e-11
            ],
            [
                3.433342e-08,
                -5.150014e-08,
                8.640200000000001e-09,
                80769230.0,
                1.321609e-09,
                6.981082e-10
            ],
            [
                5.286438000000001e-09,
                1.7195130000000001e-09,
                8.135714e-09,
                -1.646683e-09,
